KNNR: 5.07824895553
ARMA: 6.08945311083